%tworzy i zwraca macierze podane w treści zadania.
function [X, Y] = get_data()
    X = [ -5, -4, -3, -2, -1, 0, 1, 2, 3, 4, 5 ];
    Y = [-32.9591, -20.7011, -12.6986, -5.1508, -1.6893, 0.1266, 0.0743, -0.8709, -1.7371, -3.9952, -4.8987 ];
end
